0.00274                                                                                                
0.19511 0.12500                                                                                        
0.19511 0.17562 0.00686                                                                                
0.55137 0.47455 0.14888 0.09734                                                                        
0.83058 0.75357 0.57179 0.42188 0.05932                                                                
0.80436 0.80436 0.72900 0.72900 0.32851 0.05487                                                        
0.88474 0.80436 0.77869 0.75357 0.40522 0.16638 0.01968                                                
0.94119 0.94119 0.94119 0.94119 0.80436 0.63606 0.47455 0.30076                                        
0.80436 0.88474 0.97030 0.97030 0.94119 0.77869 0.63606 0.53144 0.07409                                
0.75357 0.80436 0.94119 1.00000 0.94119 0.94119 0.85737 0.88474 0.25005 0.01758                        
0.68147 0.70497 0.97030 0.97030 0.97030 0.94119 0.94119 0.91267 0.38902 0.12500 0.01382                
0.65850 0.65850 0.85737 0.94119 0.94119 0.94119 0.94119 0.94119 0.51200 0.20538 0.05487 0.00338        
0.59270 0.63606 0.91267 0.88474 1.00000 0.97030 1.00000 0.94119 0.45653 0.37325 0.09112 0.03277 0.01382
