4.17                                                             
3.72  4.44                                                       
5.56  4.00 3.83                                                  
4.28  5.00 4.89  4.22                                            
4.50  4.17 5.00  3.17   5.56                                     
5.17  5.67 5.39  4.33   5.00  4.89                               
5.50  5.61 6.06  5.17   4.78  4.50   4.17                        
6.61  5.00 3.50  4.61   5.33  4.89   6.00  4.83                  
5.94  5.61 3.56  4.61   3.94  4.50   4.83  4.39  3.28            
3.61  6.61 5.83  5.67   3.06  4.72   3.06  2.94  6.44 4.00       
5.83  5.50 3.89  4.72   4.28  5.00   4.56  4.72  3.94 2.33   5.44
