12947                                                                                    
 1972 11867                                                                              
 8171 18562  8945                                                                        
 8160  9635  9646 11653                                                                  
 9093 10338  7392  8862 16902                                                            
12478 13703 14155  6098  8947 13557                                                      
10490 12744 12462  7915  5240 16730  3728                                                
 5809 10101  7158 11342  2506 14418 10740  7077                                          
 3788  9284  3770 11930  6724 10192 14679 11286  4349                                    
11012 12551 12984  7996  5586 16671  3362   533  7530 11779                              
 8236  9307  9650 11988   341 16793  9213  5522  2492  6601  5851                        
17325  6075 17710 13343  9254 13227  7669  8175 11529 14080  7729  9146                  
 8144  8417  9300 12936  1434 15987 10260  6601  2378  5929  6907  1108  9181            
 9524 16487 11121  3857  8640 12644  3038  4092  9469 12380  4140  8975 10647 10071      
 4465  9671  2575 10824 10860  6050 16623 14816  8426  4142 15349 10743 15740 10030 13598
 6725 10334  8243 11059  1436 15593  9603  5900  1231  5579  6336  1546 10682  1977  8644 9646
 2104 14737  2893  6208  9585  8159 11319 10409  7502  5857 10870  9738 18557  9881  8284 5317 8193
