1 1 1 1
2 1 1 1
3 1 1 1
4 1 1 1
5 1 7 1
6 1 6 1
7 1 2 1
8 1 4 1
9 1 4 1
10 1 3 1
11 1 4 1
12 1 3 1
13 1 2 1
14 1 2 1
15 1 7 1
16 1 5 1
17 1 5 1
18 1 9 1
19 1 9 1
20 1 8 1
21 1 7 1
22 1 8 1
23 1 8 1
24 1 8 1
25 1 7 1
26 1 4 1
27 1 5 1
28 1 1 1
29 1 2 1
30 1 2 1
31 1 5 1
32 1 4 1
33 1 5 1
34 1 6 1
35 1 8 1
36 1 2 1
37 1 5 1
38 1 8 1
39 1 5 1
1 2 5 1
2 2 3 1
3 2 6 1
4 2 5 1
5 2 1 1
6 2 1 1
7 2 1 1
8 2 1 1
9 2 1 1
10 2 1 1
11 2 1 1
12 2 2 1
13 2 9 1
14 2 7 1
15 2 2 1
16 2 7 1
17 2 9 1
18 2 6 1
19 2 6 1
20 2 3 1
21 2 2 1
22 2 7 1
23 2 6 1
24 2 7 1
25 2 3 1
26 2 7 1
27 2 6 1
28 2 8 1
29 2 5 1
30 2 5 1
31 2 3 1
32 2 5 1
33 2 7 1
34 2 3 1
35 2 5 1
36 2 6 1
37 2 8 1
38 2 7 1
39 2 6 1
1 3 7 1
2 3 2 1
3 3 5 1
4 3 4 1
5 3 4 1
6 3 2 1
7 3 4 1
8 3 2 1
9 3 3 1
10 3 2 1
11 3 8 1
12 3 1 1
13 3 1 1
14 3 1 1
15 3 1 1
16 3 8 1
17 3 8 1
18 3 5 1
19 3 7 1
20 3 7 1
21 3 8 1
22 3 6 1
23 3 5 1
24 3 5 1
25 3 6 1
26 3 9 1
27 3 8 1
28 3 9 1
29 3 6 1
30 3 4 1
31 3 2 1
32 3 6 1
33 3 9 1
34 3 7 1
35 3 7 1
36 3 5 1
37 3 9 1
38 3 3 1
39 3 7 1
1 4 3 1
2 4 7 1
3 4 3 1
4 4 7 1
5 4 3 1
6 4 5 1
7 4 5 1
8 4 8 1
9 4 5 1
10 4 4 1
11 4 3 1
12 4 5 1
13 4 6 1
14 4 4 1
15 4 3 1
16 4 1 1
17 4 1 1
18 4 1 1
19 4 2 1
20 4 2 1
21 4 5 1
22 4 3 1
23 4 2 1
24 4 2 1
25 4 2 1
26 4 5 1
27 4 2 1
28 4 2 1
29 4 4 1
30 4 3 1
31 4 9 1
32 4 2 1
33 4 3 1
34 4 2 1
35 4 4 1
36 4 4 1
37 4 2 1
38 4 4 1
39 4 2 1
1 5 2 1
2 5 6 1
3 5 8 1
4 5 6 1
5 5 6 1
6 5 3 1
7 5 3 1
8 5 3 1
9 5 7 1
10 5 6 1
11 5 7 1
12 5 6 1
13 5 8 1
14 5 3 1
15 5 5 1
16 5 3 1
17 5 2 1
18 5 3 1
19 5 1 1
20 5 1 1
21 5 1 1
22 5 1 1
23 5 1 1
24 5 1 1
25 5 1 1
26 5 1 1
27 5 1 1
28 5 3 1
29 5 8 1
30 5 6 1
31 5 4 1
32 5 8 1
33 5 2 1
34 5 8 1
35 5 2 1
36 5 3 1
37 5 3 1
38 5 2 1
39 5 4 1
1 6 4 1
2 6 4 1
3 6 2 1
4 6 2 1
5 6 8 1
6 6 7 1
7 6 8 1
8 6 5 1
9 6 6 1
10 6 8 1
11 6 6 1
12 6 8 1
13 6 3 1
14 6 9 1
15 6 8 1
16 6 9 1
17 6 7 1
18 6 7 1
19 6 8 1
20 6 9 1
21 6 9 1
22 6 9 1
23 6 9 1
24 6 9 1
25 6 9 1
26 6 8 1
27 6 9 1
28 6 7 1
29 6 1 1
30 6 1 1
31 6 1 1
32 6 7 1
33 6 8 1
34 6 5 1
35 6 9 1
36 6 7 1
37 6 7 1
38 6 9 1
39 6 9 1
1 7 6 1
2 7 5 1
3 7 4 1
4 7 3 1
5 7 2 1
6 7 8 1
7 7 6 1
8 7 9 1
9 7 8 1
10 7 9 1
11 7 2 1
12 7 7 1
13 7 4 1
14 7 5 1
15 7 9 1
16 7 4 1
17 7 6 1
18 7 8 1
19 7 3 1
20 7 4 1
21 7 6 1
22 7 2 1
23 7 4 1
24 7 6 1
25 7 8 1
26 7 2 1
27 7 4 1
28 7 6 1
29 7 7 1
30 7 8 1
31 7 6 1
32 7 1 1
33 7 1 1
34 7 1 1
35 7 1 1
36 7 1 1
37 7 1 1
38 7 5 1
39 7 8 1
1 8 9 1
2 8 8 1
3 8 7 1
4 8 8 1
5 8 9 1
6 8 4 1
7 8 7 1
8 8 6 1
9 8 2 1
10 8 7 1
11 8 5 1
12 8 4 1
13 8 5 1
14 8 6 1
15 8 4 1
16 8 2 1
17 8 3 1
18 8 2 1
19 8 4 1
20 8 5 1
21 8 4 1
22 8 5 1
23 8 7 1
24 8 4 1
25 8 4 1
26 8 3 1
27 8 7 1
28 8 4 1
29 8 3 1
30 8 7 1
31 8 7 1
32 8 3 1
33 8 4 1
34 8 4 1
35 8 3 1
36 8 8 1
37 8 4 1
38 8 6 1
39 8 3 1
1 9 8 1
2 9 9 1
3 9 9 1
4 9 9 1
5 9 5 1
6 9 9 1
7 9 9 1
8 9 7 1
9 9 9 1
10 9 5 1
11 9 9 1
12 9 9 1
13 9 7 1
14 9 8 1
15 9 6 1
16 9 6 1
17 9 4 1
18 9 4 1
19 9 5 1
20 9 6 1
21 9 3 1
22 9 4 1
23 9 3 1
24 9 3 1
25 9 5 1
26 9 6 1
27 9 3 1
28 9 5 1
29 9 9 1
30 9 9 1
31 9 8 1
32 9 9 1
33 9 6 1
34 9 9 1
35 9 6 1
36 9 9 1
37 9 6 1
38 9 1 1
39 9 1 1
