 2    1  1.0    1    1
13   12  2.0    1    2
 4    3  3.0    1    3
12   11  4.5    1    4
14   13  4.5    1    4
11   10  6.0    1    5
 8    7  7.0    1    6
14   12  8.0    1    7
 7    6  9.5    1    8
13   11  9.5    1    8
 6    5 11.0    1    9
10    9 12.0    1   10
14   11 13.0    1   11
 5    4 14.0    1   12
 3    2 15.5    1   13
12   10 15.5    1   13
 5    3 17.0    1   14
 8    6 18.0    1   15
 4    2 19.0    1   16
 3    1 20.5    1   17
 4    1 20.5    1   17
13   10 22.0    1   18
11    9 23.0    1   19
 9    8 24.0    1   20
 7    5 25.0    1   21
14   10 26.0    1   22
12    9 27.0    1   23
 8    5 28.0    1   24
 6    4 29.0    1   25
14    9 30.0    1   26
 5    2 31.5    1   27
 9    7 31.5    1   27
13    9 33.0    1   28
10    8 34.0    1   29
 5    1 35.0    1   30
 6    3 36.0    1   31
14    1 37.0    1   32
 9    6 39.0    1   33
10    7 39.0    1   33
14    2 39.0    1   33
13    1 41.5    1   34
13    2 41.5    1   34
12    1 43.0    1   35
12    2 44.0    1   36
 7    3 45.5    1   37
 7    4 45.5    1   37
 6    2 48.0    1   38
 8    4 48.0    1   38
11    1 48.0    1   38
 8    3 50.5    1   39
10    6 50.5    1   39
 7    1 54.5    1   40
 7    2 54.5    1   40
 8    2 54.5    1   40
 9    5 54.5    1   40
10    1 54.5    1   40
11    2 54.5    1   40
 6    1 58.0    1   41
11    7 59.5    1   42
13    3 59.5    1   42
 8    1 62.5    1   43
10    2 62.5    1   43
11    8 62.5    1   43
14    4 62.5    1   43
12    8 65.5    1   44
14    3 65.5    1   44
 9    1 74.5    1   45
 9    2 74.5    1   45
 9    3 74.5    1   45
 9    4 74.5    1   45
10    5 74.5    1   45
11    3 74.5    1   45
11    5 74.5    1   45
11    6 74.5    1   45
12    6 74.5    1   45
12    7 74.5    1   45
13    4 74.5    1   45
13    5 74.5    1   45
13    6 74.5    1   45
13    7 74.5    1   45
13    8 74.5    1   45
14    8 74.5    1   45
10    3 85.5    1   46
10    4 85.5    1   46
12    3 85.5    1   46
12    4 85.5    1   46
12    5 85.5    1   46
14    6 85.5    1   46
11    4 90.0    1   47
14    5 90.0    1   47
14    7 90.0    1   47