 0.95 0.95 0.62 0.89 0.53 0.83 0.95 0.91 0.91 0.93 0.91 0.60 0.69 0.79 0.98 0.90 0.82 0.80 0.61 0.97 0.88
 0.92 0.67 0.85 0.69 0.93 0.69 0.93 0.45 0.94 0.91 0.89 0.86 0.93 0.94 0.89 0.94 0.86 0.71 0.89 0.98 0.71
 0.80 0.92 0.96 0.86 0.71 0.69 0.23 0.97 0.83 0.71 0.90 0.95 0.75 0.97 0.45 0.61 0.49 0.92 0.63 0.86 0.72
 0.87 0.69 0.70 0.75 0.91 0.90 0.89 0.94 0.88 0.78 0.93 0.89 0.90 0.83 0.93 0.67 0.93 0.92 0.81 0.94 0.91
 0.88 0.88 0.78 0.97 0.86 0.95 0.39 0.93 0.90 0.85 0.92 0.95 0.90 0.31 0.92 0.95 0.70 0.71 0.90 0.92 0.93
 0.94 0.78 0.58 0.80 0.97 0.61 0.63 0.87 0.97 0.29 0.86 0.58 0.92 0.92 0.71 0.91 0.77 0.64 0.90 0.95 0.86
 0.83 0.93 0.96 0.63 0.73 0.69 0.89 0.94 0.71 0.53 0.76 0.85 0.80 0.66 0.92 0.65 0.76 0.84 0.87 0.88 0.78
 0.69 0.83 0.80 0.89 0.74 0.90 0.80 0.79 0.90 0.70 0.91 0.80 0.95 0.52 0.74 0.97 0.92 0.89 0.94 0.85 0.95
 0.92 0.97 0.83 0.90 0.94 0.96 0.94 0.43 0.97 0.95 0.95 0.85 0.93 0.92 0.94 0.92 0.92 0.95 0.92 0.96 0.97
 0.92 0.74 0.76 0.91 0.75 0.96 0.73 0.87 0.65 0.84 0.92 0.66 0.76 0.88 0.85 0.91 0.84 0.91 0.68 0.46 0.93
 0.91 0.74 0.82 0.82 0.94 0.72 0.90 0.51 0.95 0.90 0.78 0.69 0.96 0.97 0.88 0.82 0.88 0.80 0.82 0.94 0.55
 0.87 0.85 0.78 0.75 0.94 0.69 0.71 0.88 0.94 0.83 0.69 0.81 0.82 0.91 0.74 0.80 0.81 0.38 0.88 0.96 0.73
 0.81 0.90 0.26 0.61 0.70 0.96 0.76 0.84 0.80 0.98 0.71 0.43 0.63 0.90 0.94 0.70 0.74 0.51 0.88 0.89 0.97
 0.85 0.63 0.78 0.92 0.73 0.28 0.85 0.95 0.73 0.77 0.88 0.97 0.69 0.86 0.80 0.88 0.89 0.79 0.64 0.49 0.91
 0.93 0.97 0.92 0.76 0.77 0.54 0.97 0.56 0.58 0.74 0.96 0.82 0.72 0.89 0.93 0.74 0.80 0.45 0.90 0.93 0.79
 0.55 0.32 0.86 0.94 0.95 0.90 0.89 0.83 0.69 0.67 0.98 0.91 0.88 0.97 0.96 0.93 0.86 0.96 0.98 0.52 0.95
 0.87 0.93 0.94 0.83 0.68 0.69 0.92 0.94 0.96 0.95 0.89 0.88 0.85 0.77 0.81 0.93 0.84 0.81 0.93 0.96 0.82
 0.86 0.94 0.85 0.54 0.91 0.86 0.95 0.97 0.83 0.59 0.70 0.92 0.96 0.96 0.94 0.88 0.83 0.81 0.63 0.83 0.37
 0.96 0.89 0.74 0.94 0.95 0.60 0.94 0.86 0.95 0.72 0.88 0.85 0.94 0.97 0.94 0.69 0.82 0.89 0.95 0.95 0.90
 0.78 0.87 0.77 0.67 0.80 0.84 0.41 0.94 0.70 0.83 0.88 0.94 0.75 0.88 0.70 0.92 0.82 0.89 0.83 0.95 0.96
 0.95 0.86 0.79 0.92 0.88 0.97 0.74 0.33 0.88 0.68 0.80 0.94 0.93 0.77 0.62 0.92 0.61 0.87 0.88 0.96 0.64
 0.96 0.31 0.93 0.89 0.94 0.66 0.96 0.98 0.95 0.86 0.92 0.92 0.72 0.97 0.88 0.55 0.94 0.69 0.89 0.90 0.88
 0.92 0.73 0.44 0.93 0.23 0.70 0.82 0.97 0.76 0.93 0.75 0.95 0.89 0.85 0.72 0.93 0.96 0.87 0.83 0.71 0.88
 0.88 0.94 0.89 0.67 0.91 0.42 0.68 0.68 0.88 0.86 0.66 0.66 0.70 0.94 0.62 0.75 0.89 0.95 0.77 0.88 0.89
 0.94 0.74 0.86 0.66 0.91 0.96 0.89 0.70 0.60 0.90 0.94 0.95 0.94 0.81 0.90 0.70 0.74 0.42 0.79 0.75 0.83
 0.76 0.82 0.35 0.95 0.80 0.68 0.92 0.97 0.90 0.81 0.95 0.98 0.69 0.88 0.85 0.95 0.96 0.87 0.82 0.48 0.94
 0.94 0.95 0.93 0.91 0.94 0.80 0.66 0.51 0.63 0.75 0.83 0.87 0.90 0.78 0.35 0.97 0.91 0.79 0.96 0.98 0.94
 0.83 0.96 0.97 0.72 0.94 0.93 0.87 0.89 0.85 0.72 0.65 0.97 0.94 0.89 0.95 0.98 0.94 0.86 0.78 0.80 0.43
 0.72 0.91 0.92 0.95 0.92 0.69 0.41 0.94 0.96 0.88 0.96 0.96 0.94 0.87 0.96 0.95 0.73 0.93 0.97 0.97 0.97
 0.81 0.83 0.73 0.98 0.97 0.95 0.96 0.96 0.95 0.91 0.84 0.82 0.47 0.81 0.90 0.93 0.95 0.82 0.85 0.61 0.20